1189.99 588.333
1069.44 602.927
625.065 339.797
127.334 503.211
1184.26 222.792
963.43 399.41
1140.98 235.852
653.155 324.265
505.251 496.787
919.299 264.505
612.561 291.425
679.12 515.012
776.553 244.777
549.345 509.709
1106.05 205.394
784.518 259.498
567.803 329.509
436.353 451.469
902.333 348.93
880.093 435.831
811.49 577.298
571.247 266.696
248.095 334.078
977.758 580.444
1003.28 421.858
829.303 319.241
247.377 404.899
507.948 495.463
455.301 586.058
509.742 323.038
457.783 571
539.042 333.449
426.96 482.733
711.643 313.387
531.743 283.807
469.445 395.665
861.026 251.833
781.862 331.185
1263 284.872
548.247 227.051
888.136 621.938
1136.17 215.551
758.145 624.641
101.933 360.905
729.625 314.856
828.176 558.827
688.251 289.559
1006.21 207.791
698.145 309.278
1092.64 207.347
596.566 286.991
211.799 330.121
1054.91 247.77
790.392 358.366
809.567 261.841
924.431 478.176
847.083 545.261
644.865 217.7
707.453 296.707
867.864 264.658
761.225 268.432
903.493 257.31
786.576 296.835
545.619 296.049
1065.05 228.179
553.883 409.446
834.944 505.479
492.568 442.937
1062.45 227.716
334.5 605.5
